0
0
0
0
0
0
0
0
0
0
0
0
0
0
0
0
0
0
0
0
0
0
0
0
0
0
0
0
0
0
0
0
1
0
-2
-3
0
4
4
1
-5
-4
-2
1
6
3
-2
-3
0
1
0
-1
0
1
1
-1
-3
0
2
1
-2
-2
0
1
2
0
0
-2
-3
0
0
0
0
-1
-1
0
1
0
-2
0
0
1
0
-1
-2
0
1
2
1
0
0
0
0
0
0
1
1
0
0
0
1
1
0
0
0
0
-1
0
0
0
0
2
0
-1
-1
0
0
-2
1
0
-1
0
0
0
0
1
0
0
0
1
-2
2
-2
1
-2
4
-3
3
-5
4
-3
6
-6
7
-7
7
-8
8
-10
10
-12
14
-14
13
-16
15
-16
14
-15
18
-19
20
-24
23
-23
21
-22
21
-17
17
-16
17
-15
16
-13
15
-11
12
-9
13
-7
13
-7
8
0
0
5
-10
10
-18
19
-26
22
-29
18
-27
15
-19
10
-14
16
-19
26
-23
34
-23
37
-20
28
-8
5
7
-19
14
-36
14
-32
3
-14
-6
-1
0
-1
17
-7
35
-13
43
-14
27
-2
0
12
-32
25
-45
15
-33
-8
1
-24
15
-10
3
19
-12
38
-11
35
-7
18
5
-15
26
-48
36
-54
18
-22
-19
16
-34
19
-4
1
34
-12
49
-16
34
-1
-8
24
-55
42
-71
23
-30
-25
27
-42
38
-11
16
30
-6
43
-15
37
-8
0
14
-56
41
-77
28
-33
-25
27
-50
44
-17
17
25
-1
42
-9
33
-7
0
11
-55
44
-86
32
-42
-22
27
-51
48
-19
28
27
0
42
-10
31
-11
-2
12
-57
48
-86
34
-37
-26
36
-55
49
-17
21
27
-6
40
-14
30
-3
-10
22
-66
50
-85
29
-32
-30
41
-54
54
-8
20
36
0
43
-4
27
-2
-12
16
-68
44
-87
25
-28
-33
44
-54
53
-12
19
26
0
31
-3
17
2
-12
24
-61
58
-80
38
-28
-32
41
-58
45
-24
19
14
2
35
-3
29
0
-6
27
-67
55
-90
26
-32
-49
46
-61
55
-8
21
39
-1
50
-3
25
5
-39
31
-109
44
-104
-6
-1
-55
78
-29
60
33
13
61
-6
45
-3
-12
6
-107
36
-144
32
-51
-23
82
-42
95
-3
34
49
-3
62
-20
21
-4
-87
27
-163
51
-107
1
55
-36
121
-9
53
48
1
66
-24
35
0
-62
19
-172
55
-144
13
15
-30
150
-21
73
35
11
76
-30
47
-4
-58
16
-200
61
-170
24
4
-22
168
-6
87
52
4
98
-47
45
-1
-111
24
-245
60
-167
10
44
1
180
28
56
83
-9
75
-52
5
2
-149
18
-249
55
-147
8
87
32
165
40
38
80
-24
59
-44
-20
17
-185
43
-223
80
-103
20
114
22
125
31
13
82
-42
47
-35
-28
20
-180
52
-216
94
-108
29
92
8
106
15
20
59
-23
39
-32
-16
15
-125
68
-174
102
-125
52
27
0
93
-17
46
26
0
26
-19
10
0
-46
46
-114
99
-146
80
-73
-5
52
-54
75
-22
31
25
1
39
-4
15
23
-73
57
-158
79
-142
16
-2
-53
113
-38
76
31
11
73
-19
31
10
-61
32
-184
56
-184
37
-31
-24
144
-19
103
30
17
81
-28
49
-9
-53
13
-210
49
-203
29
-36
-11
174
5
102
53
3
89
-48
35
-11
-84
22
-235
60
-197
26
3
4
175
23
72
72
-12
84
-57
21
5
-136
36
-256
75
-162
25
71
12
161
35
30
93
-44
78
-56
-1
28
-206
72
-264
67
-105
-4
161
38
123
72
-9
127
-64
57
-12
-101
34
-287
72
-230
24
8
24
180
70
52
111
-22
91
-51
-9
15
-185
39
-278
51
-158
17
73
70
135
78
14
99
-34
54
-29
-43
38
-211
49
-247
75
-119
37
94
60
106
61
0
81
-36
38
-32
-32
17
-177
56
-210
99
-115
42
69
21
105
21
24
61
-15
51
-24
5
24
-128
57
-222
101
-150
35
46
-4
132
-1
43
57
-13
62
-29
19
16
-131
47
-236
92
-173
23
30
-5
152
10
64
65
0
74
-41
17
1
-122
38
-230
88
-176
27
27
-6
171
4
77
57
-4
67
-49
25
8
-98
34
-240
86
-186
37
22
-12
184
2
79
57
-7
81
-48
24
0
-107
30
-239
75
-176
37
2
4
167
19
68
51
2
70
-42
27
3
-90
26
-253
82
-206
38
-1
0
181
10
73
68
-10
88
-50
31
-4
-94
24
-245
82
-203
40
-6
-1
177
10
79
59
-2
77
-56
29
0
-98
38
-242
82
-195
41
-9
1
163
16
72
52
8
75
-50
30
-8
-100
27
-240
84
-198
54
-24
0
152
16
86
44
7
75
-46
32
-18
-58
22
-193
83
-208
75
-69
-1
138
-4
113
24
21
66
-28
40
-27
-17
28
-161
66
-207
97
-111
20
59
-17
124
-3
43
40
-3
53
-28
18
-1
-75
37
-176
92
-174
53
-44
-23
123
-37
94
8
27
59
-6
39
-13
4
13
-103
35
-163
81
-118
18
11
-40
123
-33
68
8
16
46
-9
42
-14
0
10
-98
43
-156
65
-102
-1
43
-49
109
-22
56
27
4
48
-10
31
-9
-14
12
-103
46
-138
51
-72
-20
60
-47
108
-15
39
43
-3
62
-19
40
-6
-25
8
-123
42
-147
41
-64
-24
84
-42
110
-7
39
46
2
51
-20
35
-4
-42
12
-138
53
-134
31
-27
-39
116
-39
99
2
21
57
-11
56
-26
26
-7
-69
9
-152
52
-124
9
16
-46
142
-28
75
32
7
80
-30
61
-15
-13
16
-161
37
-182
35
-63
-38
130
-23
149
23
33
85
-15
66
-34
10
-7
-102
2
-169
46
-120
13
21
-13
144
-8
69
17
7
49
-26
45
-24
-5
5
-130
45
-168
65
-93
-18
84
-38
137
-8
44
48
-6
69
-32
27
-3
-66
21
-173
62
-152
38
-32
-28
127
-26
103
7
22
54
-15
47
-23
5
0
-76
21
-145
62
-119
22
0
-34
117
-31
75
-2
7
45
-11
46
-11
10
8
-77
28
-144
57
-111
5
11
-49
113
-46
71
6
16
49
-3
44
-7
24
2
-44
23
-118
58
-116
20
-32
-52
87
-53
86
-10
34
42
10
52
-11
41
-7
-21
7
-99
39
-121
36
-55
-28
64
-60
90
-17
37
34
7
54
-22
55
-20
19
0
-74
30
-129
40
-86
-27
37
-69
103
-35
57
29
11
75
-27
77
-27
29
-7
-96
24
-165
39
-111
-32
45
-55
136
-17
66
50
11
85
-29
70
-26
4
-6
-137
15
-179
30
-93
-25
84
-25
144
4
46
59
-2
76
-39
55
-20
-24
-3
-162
34
-165
25
-52
-33
119
-21
126
17
32
66
-10
60
-33
28
-16
-54
3
-138
53
-130
38
-35
-29
109
-41
98
-6
22
51
-4
52
-27
36
-9
-23
18
-113
59
-133
44
-61
-39
73
-60
93
-21
30
38
8
54
-15
51
-15
10
1
-90
41
-136
50
-89
-33
49
-71
113
-29
49
36
13
63
-18
65
-26
29
-5
-87
23
-157
50
-128
-19
27
-63
147
-34
83
31
17
83
-20
87
-27
26
-5
-122
18
-181
27
-63
-20
122
-3
92
-20
3
67
30
-114
-3
-281
31
80
66
101
60
42
29
-15
-310
-4
122
143
-18
119
13
-330
-55
245
53
6
27
-96
-257
168
179
-66
163
-227
-198
101
259
17
-51
-87
-186
121
115
5
139
-280
-126
148
190
69
-194
-156
-15
236
34
81
-118
-304
139
127
141
89
-423
-111
284
160
9
-46
-266
-83
279
54
110
-44
-503
148
281
71
13
-266
-200
234
251
-43
41
-232
-345
328
184
55
-43
-425
45
384
117
-136
-86
-280
-27
391
40
17
-83
-441
195
325
24
-144
-166
-159
210
308
-97
10
-148
-364
303
206
-31
-58
-266
-23
316
143
-152
8
-201
-154
335
53
11
-14
-381
93
294
39
-126
-40
-183
72
274
-61
56
-58
-400
203
197
3
-27
-164
-121
192
190
-103
53
-135
-260
261
98
34
13
-321
-11
256
95
-107
24
-169
-88
258
17
62
6
-385
80
227
41
-60
-44
-164
42
231
-50
60
-15
-367
151
181
33
-29
-148
-127
145
170
-93
75
-47
-313
198
140
36
-2
-235
-69
185
132
-104
64
-82
-207
215
71
34
26
-315
-21
198
99
-71
22
-118
-89
227
2
66
7
-385
61
224
73
-73
-37
-131
0
225
-32
70
-11
-399
133
216
42
-46
-97
-128
94
201
-76
73
-40
-372
185
178
48
-25
-214
-109
198
174
-112
83
-84
-321
233
146
33
-11
-296
-45
237
128
-103
52
-125
-201
261
74
63
-1
-399
28
261
91
-89
-10
-179
-45
268
-5
82
-22
-443
126
251
56
-60
-118
-163
98
231
-54
102
-81
-412
227
196
40
-18
-246
-112
224
191
-113
68
-141
-297
287
114
48
6
-371
-20
282
113
-115
39
-182
-139
286
52
66
-13
-443
96
275
57
-81
-63
-203
62
270
-32
92
-74
-444
201
218
40
-15
-236
-129
241
199
-94
84
-191
-336
299
148
41
21
-389
-7
330
108
-110
25
-260
-134
341
52
52
-4
-464
93
309
59
-98
-62
-214
66
295
-30
69
-60
-464
209
252
15
-35
-167
-157
180
220
-83
69
-117
-346
261
156
21
15
-298
-75
245
148
-94
49
-168
-205
262
81
65
15
-399
29
257
85
-71
-14
-203
-45
266
18
84
-18
-443
137
228
52
-17
-166
-190
148
237
-64
81
-117
-407
246
198
48
8
-320
-91
292
166
-107
57
-207
-272
328
117
28
16
-403
10
328
93
-127
6
-195
-107
316
29
29
12
-417
68
279
61
-101
-21
-127
-37
234
-10
48
11
-376
90
204
66
-42
-85
-111
10
191
-28
76
-5
-349
112
156
78
-14
-152
-97
51
172
-45
77
0
-338
120
159
86
-26
-188
-87
99
159
-73
70
-10
-333
152
153
89
-13
-226
-84
131
160
-71
66
-38
-322
187
122
78
4
-295
-63
190
155
-71
57
-97
-270
226
105
99
-1
-398
-18
255
142
-99
13
-153
-164
272
70
97
-19
-492
102
308
75
-78
-85
-201
38
298
-30
86
-55
-491
202
277
36
-67
-187
-155
193
248
-96
82
-130
-417
292
202
22
-33
-302
-54
290
154
-122
50
-201
-246
332
109
42
-2
-428
51
335
88
-117
-38
-246
-3
319
23
89
-73
-498
185
278
27
-54
-172
-176
209
254
-71
75
-192
-406
296
189
27
0
-328
-50
324
164
-135
15
-253
-199
351
111
61
-27
-464
95
349
59
-115
-77
-254
52
359
8
45
-125
-483
235
289
7
-67
-225
-139
293
254
-114
19
-219
-338
331
192
9
-37
-357
24
356
105
-147
-31
-252
-76
364
51
21
-37
-437
132
319
34
-123
-88
-192
109
308
-56
43
-70
-431
212
242
-5
-64
-158
-113
206
195
-107
59
-106
-304
246
129
26
9
-293
-43
212
117
-97
33
-147
-123
223
41
75
15
-391
62
204
74
-37
-67
-173
52
212
-25
102
-65
-385
176
158
67
20
-261
-127
228
173
-89
55
-190
-228
265
108
79
14
-430
46
296
84
-86
-43
-240
-3
310
15
69
-55
-478
172
262
40
-37
-207
-165
244
238
-97
62
-191
-383
305
207
34
-19
-351
-20
333
135
-125
-1
-260
-152
353
84
58
-37
-478
125
335
46
-94
-133
-229
154
316
-26
56
-155
-461
284
255
7
-50
-261
-98
323
212
-126
2
-244
-271
349
148
27
-21
-425
63
360
83
-139
-76
-249
55
350
12
50
-139
-473
232
266
22
-53
-243
-109
306
236
-115
-11
-268
-243
357
139
36
-44
-431
98
341
71
-133
-128
-231
155
359
-19
2
-194
-408
275
223
29
-50
-313
-24
354
188
-160
-85
-259
-76
364
97
37
-103
-447
174
302
41
-107
-202
-151
281
301
-91
-23
-254
-294
330
173
28
-51
-384
70
354
99
-160
-110
-235
79
358
3
9
-129
-415
237
250
15
-73
-252
-67
328
225
-142
-51
-249
-177
358
120
29
-59
-420
141
323
57
-132
-151
-199
178
345
-46
0
-168
-402
270
233
19
-65
-296
-21
354
174
-148
-39
-263
-131
372
98
36
-62
-463
149
322
40
-113
-180
-190
234
316
-71
3
-223
-390
311
215
25
-47
-345
14
370
146
-156
-88
-278
-18
392
61
25
-120
-467
192
313
43
-117
-218
-123
286
289
-110
-36
-237
-291
343
166
28
-48
-389
72
363
105
-167
-150
-237
141
371
-12
5
-196
-426
278
245
30
-75
-314
-23
394
200
-163
-124
-307
-40
410
84
1
-129
-436
219
291
32
-123
-254
-86
356
275
-127
-104
-326
-164
397
131
30
-113
-429
171
361
72
-178
-244
-166
314
356
-87
-82
-299
-275
379
179
18
-92
-386
117
383
107
-192
-212
-212
212
372
-30
-54
-249
-360
322
215
37
-87
-362
55
413
159
-183
-198
-282
108
417
32
-30
-214
-412
298
261
25
-117
-323
10
422
221
-179
-184
-305
10
426
85
-16
-199
-432
268
307
44
-137
-317
-43
417
258
-162
-193
-346
-11
465
106
-23
-233
-430
289
326
49
-165
-341
-27
435
277
-179
-225
-331
21
464
100
-43
-231
-415
287
322
56
-172
-357
-19
453
282
-197
-246
-316
45
465
94
-45
-242
-409
296
334
48
-180
-349
-30
454
279
-193
-236
-326
25
472
92
-47
-210
-395
283
333
34
-200
-311
-68
400
316
-167
-164
-278
-138
403
126
-17
-118
-366
167
364
84
-214
-196
-198
187
365
-60
-40
-129
-382
277
246
-7
-121
-217
-62
313
218
-167
7
-156
-293
341
133
-21
-4
-337
15
311
94
-165
19
-168
-90
297
23
51
-5
-455
130
266
31
-69
-94
-169
116
241
-45
99
-126
-419
257
171
56
37
-358
-40
288
118
-103
5
-210
27
271
-96
-60
-72
60
147
-46
-263
63
273
-68
-231
2
169
111
-250
24
242
-264
-161
199
99
-148
-87
175
17
-96
210
179
-277
73
331
-246
-18
205
-319
-134
187
-164
-133
95
-86
-119
72
74
-95
-31
98
-46
-33
137
4
-102
165
131
-137
182
227
-179
140
231
-184
70
167
-213
-70
121
-203
-135
121
-207
-194
144
-155
-192
127
-73
-197
126
31
-155
110
96
-127
58
118
-104
13
121
-69
-8
137
12
-33
148
110
-82
147
200
-133
128
244
-177
44
237
-227
-52
202
-269
-175
171
-246
-246
176
-168
-243
196
-82
-209
190
10
-162
146
73
-142
96
108
-131
31
146
-41
-23
169
81
-81
184
184
-148
138
214
-206
20
180
-233
-114
152
-220
-182
149
-165
-169
153
-68
-154
128
40
-164
102
118
-135
53
158
-33
-7
190
89
-89
198
137
-158
116
118
-192
-36
91
-201
-152
101
-177
-175
112
-98
-148
88
2
-126
51
79
-113
31
123
-66
10
163
44
-28
189
145
-90
178
168
-156
89
135
-193
-49
112
-204
-155
104
-188
-170
104
-107
-131
73
2
-114
40
75
-89
40
113
-2
36
141
111
-18
161
155
-100
138
141
-152
37
97
-180
-81
73
-185
-149
83
-157
-152
103
-94
-141
98
10
-133
79
91
-131
58
131
-77
25
164
42
-26
184
146
-89
181
182
-147
104
153
-195
-27
116
-225
-147
106
-214
-203
118
-151
-188
133
-48
-159
116
52
-148
90
117
-135
47
145
-88
3
160
17
-37
189
124
-97
187
194
-156
138
201
-224
21
180
-264
-118
155
-258
-216
154
-203
-243
178
-98
-214
189
0
-177
172
73
-154
120
118
-149
62
146
-107
2
162
-19
-55
187
96
-113
197
195
-174
146
240
-229
39
215
-272
-97
177
-284
-202
164
-237
-247
187
-140
-242
213
-30
-206
211
57
-189
170
110
-185
99
140
-155
16
153
-75
-40
173
36
-93
195
164
-147
183
237
-202
119
269
-252
-5
245
-282
-138
206
-271
-236
187
-220
-280
195
-127
-275
218
-12
-231
206
69
-196
152
119
-188
65
143
-152
-12
150
-59
-71
156
81
-112
188
216
-164
169
254
-223
57
220
-247
-92
185
-229
-218
162
-191
-254
158
-118
-218
171
-15
-200
145
81
-204
90
151
-152
37
184
-26
-16
207
103
-92
211
156
-178
138
130
-225
-24
113
-220
-140
127
-179
-148
119
-107
-135
101
-1
-142
78
99
-141
45
165
-60
4
204
68
-59
208
125
-135
151
104
-196
34
76
-216
-98
89
-200
-157
110
-131
-142
104
-50
-133
80
42
-145
54
124
-109
27
172
8
-16
196
124
-72
181
163
-128
119
136
-177
-3
87
-194
-150
73
-171
-213
77
-103
-186
71
-14
-155
78
71
-156
72
134
-157
51
174
-107
14
201
-15
-23
235
83
-81
241
136
-161
156
139
-224
-1
117
-234
-153
85
-198
-216
82
-132
-191
105
-33
-164
121
73
-171
105
147
-168
59
184
-111
12
204
-11
-33
228
94
-100
227
162
-178
137
168
-224
0
142
-228
-139
106
-213
-216
108
-144
-215
141
-26
-193
150
93
-175
113
163
-166
56
182
-160
12
196
-114
-32
225
-14
-84
241
104
-133
229
181
-182
150
181
-230
29
145
-254
-106
128
-224
-206
145
-136
-236
150
-25
-202
142
68
-180
122
136
-188
79
180
-161
11
211
-66
-47
241
63
-102
239
137
-159
172
132
-218
36
108
-245
-114
115
-204
-207
120
-123
-215
116
-24
-193
110
82
-205
96
164
-202
65
209
-131
-2
224
-11
-73
238
108
-125
235
158
-181
156
154
-220
-6
137
-234
-164
115
-210
-239
98
-138
-228
107
-35
-194
130
64
-185
122
145
-182
83
191
-185
32
202
-165
-12
224
-89
-69
256
29
-132
257
148
-194
201
207
-241
76
194
-261
-63
154
-266
-180
142
-218
-252
160
-125
-258
173
-12
-217
167
84
-186
137
148
-208
91
192
-200
17
224
-98
-53
246
45
-120
242
156
-174
184
175
-225
55
146
-253
-116
138
-220
-222
145
-125
-228
137
-7
-194
118
96
-196
95
160
-195
49
200
-100
-7
228
46
-70
228
134
-135
171
113
-188
31
71
-198
-125
100
-165
-176
111
-89
-156
68
23
-159
65
118
-113
74
170
20
6
188
85
-78
103
40
-101
-54
24
-108
-94
23
-79
-56
-8
8
-72
0
77
-44
25
93
69
-16
107
104
-65
63
35
-58
-55
19
-63
-116
36
-63
-86
7
-8
-58
-16
66
-61
0
105
-26
4
124
72
-53
131
125
-109
62
84
-116
-49
49
-94
-125
52
-80
-124
53
-33
-100
27
52
-101
18
121
-79
21
140
6
-10
153
90
-79
135
101
-119
33
59
-106
-92
42
-82
-134
42
-57
-104
27
3
-96
6
82
-102
1
140
-44
-9
165
63
-54
170
109
-103
101
67
-111
-37
47
-104
-119
50
-78
-100
21
-3
-88
4
78
-96
28
120
-14
1
151
87
-74
128
71
-91
2
21
-65
-108
30
-72
-88
15
-38
-52
-16
52
-65
5
108
-27
20
113
69
-40
121
95
-97
68
45
-87
-63
30
-72
-123
41
-52
-81
3
17
-60
-16
93
-71
16
122
-8
5
133
89
-66
118
88
-104
28
32
-94
-85
25
-94
-112
39
-75
-77
21
9
-70
15
91
-59
34
123
37
-4
128
91
-76
76
34
-75
-57
18
-78
-116
30
-72
-67
-1
32
-62
21
117
-25
51
120
81
-49
112
61
-92
6
-10
-68
-113
6
-86
-89
-2
-46
-42
-22
60
-47
25
110
16
33
105
109
-39
93
91
-65
25
11
-51
-87
-3
-85
-90
-6
-86
-39
-25
-2
-32
7
79
-14
46
99
64
4
107
111
-54
80
72
-93
-9
29
-96
-105
30
-87
-136
35
-75
-108
18
-27
-68
13
66
-75
27
140
-52
24
160
32
-21
159
104
-79
131
126
-115
66
96
-134
-35
71
-128
-136
79
-128
-174
86
-90
-153
61
-12
-130
35
79
-132
27
147
-96
25
177
2
-14
191
115
-81
180
155
-126
100
113
-152
-42
79
-152
-159
69
-147
-195
66
-96
-161
52
-2
-124
38
97
-120
42
152
-69
47
166
33
19
169
122
-50
159
128
-108
97
79
-140
-22
56
-159
-138
58
-156
-185
66
-125
-165
62
-60
-121
56
49
-120
60
140
-125
54
180
-66
24
194
46
-30
199
114
-94
163
92
-150
53
57
-186
-84
56
-223
-121
107
-210
-67
188
-228
-6
108
-75
-146
69
159
-227
34
298
-197
-48
116
102
-190
46
258
-202
-11
30
109
-177
-16
260
-246
-39
114
-21
-149
50
165
-187
-4
189
-206
-22
106
-9
-95
119
117
-164
-3
188
-200
-62
174
-17
-143
171
121
-211
-16
208
-222
-97
199
-10
-186
165
154
-228
-8
190
-211
-104
209
8
-167
165
157
-228
-20
171
-162
-118
203
51
-172
120
183
-258
-49
176
-132
-143
229
44
-183
111
197
-273
-51
185
-97
-163
233
83
-194
85
204
-284
-59
186
-54
-181
231
108
-199
35
186
-267
-71
198
-6
-190
216
143
-238
-14
160
-206
-108
241
34
-186
152
178
-277
-29
147
-118
-152
263
57
-185
79
192
-290
-34
172
-47
-184
251
91
-197
15
173
-269
-52
208
-11
-181
214
126
-229
-5
172
-225
-87
231
8
-179
169
155
-253
-22
160
-171
-119
254
25
-183
132
179
-274
-27
166
-103
-151
246
51
-186
86
194
-281
-38
185
-86
-177
250
73
-196
58
200
-276
-52
198
-55
-196
252
95
-209
30
193
-273
-59
212
-21
-196
223
130
-227
-6
177
-231
-87
234
14
-200
189
166
-256
-28
163
-179
-126
245
38
-184
137
191
-272
-37
171
-135
-149
246
54
-185
104
192
-269
-49
184
-103
-174
245
68
-193
90
201
-270
-57
193
-99
-173
237
73
-194
82
204
-273
-67
198
-80
-192
240
87
-199
67
209
-267
-69
195
-52
-206
227
107
-205
43
213
-262
-70
192
-36
-200
221
116
-206
20
215
-258
-78
198
-22
-200
212
122
-198
7
199
-235
-87
189
5
-197
199
139
-206
-15
196
-223
-98
206
18
-201
185
150
-217
-34
189
-188
-120
219
40
-197
158
173
-234
-52
185
-152
-154
237
53
-185
117
177
-241
-61
177
-103
-174
246
63
-185
99
186
-249
-68
177
-75
-181
240
72
-180
61
190
-254
-75
192
-51
-200
241
87
-184
45
192
-245
-84
194
-32
-208
237
94
-202
36
208
-236
-88
194
-36
-204
228
96
-187
28
204
-236
-96
200
-21
-213
232
109
-199
0
194
-230
-104
216
12
-201
204
144
-218
-33
169
-187
-134
253
33
-180
141
175
-259
-48
166
-95
-178
272
61
-178
48
177
-270
-60
206
-22
-196
237
101
-206
-6
162
-217
-95
242
4
-185
192
139
-237
-25
166
-170
-125
250
21
-184
147
163
-249
-33
176
-141
-156
255
33
-189
137
165
-255
-45
180
-123
-168
256
47
-191
124
187
-265
-56
194
-108
-183
261
58
-191
90
193
-262
-68
193
-76
-200
264
83
-196
54
195
-265
-78
199
-31
-199
246
107
-202
3
182
-236
-97
226
1
-196
213
139
-234
-22
164
-180
-130
259
24
-185
153
172
-261
-42
164
-122
-165
272
41
-177
89
184
-273
-52
184
-54
-191
267
75
-191
22
175
-259
-60
219
-24
-201
232
111
-211
-9
163
-222
-93
250
4
-196
188
148
-234
-22
153
-172
-131
274
21
-188
126
175
-265
-37
173
-113
-172
265
44
-182
95
177
-268
-49
191
-68
-194
262
72
-191
58
186
-266
-65
209
-48
-202
242
85
-198
32
189
-248
-83
220
-28
-214
237
104
-205
18
200
-239
-95
217
-5
-212
224
124
-221
-11
202
-224
-115
229
14
-206
211
131
-228
-30
197
-195
-127
241
35
-207
187
148
-238
-39
195
-181
-140
237
37
-196
160
163
-243
-54
191
-144
-160
251
50
-191
127
180
-263
-63
188
-89
-180
257
73
-192
60
180
-269
-78
215
-20
-191
227
121
-215
-12
143
-206
-113
266
14
-167
140
162
-269
-28
155
-90
-172
288
55
-173
28
145
-274
-40
232
-13
-179
216
129
-237
-17
105
-157
-117
308
18
-153
75
135
-295
-4
189
-44
-166
245
99
-202
-9
72
-187
-73
302
-4
-134
91
119
-288
16
167
-58
-153
251
79
-181
-1
62
-203
-63
291
-11
-122
99
102
-272
22
145
-64
-139
259
65
-168
-1
57
-219
-36
269
-16
-118
124
104
-260
20
118
-81
-127
275
41
-146
9
64
-248
-13
242
-25
-128
166
99
-236
16
90
-115
-107
288
12
-131
37
70
-276
21
221
-40
-144
201
85
-207
14
70
-165
-78
291
-7
-125
85
105
-278
22
157
-69
-148
258
48
-165
16
94
-238
-26
245
-21
-146
179
98
-234
12
108
-158
-98
272
-8
-144
118
126
-275
5
158
-92
-147
267
23
-167
61
137
-270
-20
205
-50
-169
246
74
-208
27
135
-232
-68
261
-25
-176
189
134
-247
2
140
-167
-129
282
5
-169
121
159
-282
-15
175
-82
-174
274
52
-178
42
143
-274
-46
233
-26
-176
225
111
-232
-1
132
-195
-108
280
2
-164
128
149
-275
-14
161
-92
-165
281
42
-169
44
146
-275
-34
218
-27
-180
236
102
-223
-2
131
-203
-92
274
3
-161
142
141
-272
1
151
-116
-153
296
36
-180
49
138
-275
-27
231
-36
-175
229
99
-225
0
118
-197
-96
282
2
-156
131
136
-272
1
145
-103
-154
282
35
-166
46
119
-276
-25
242
-30
-175
216
113
-223
0
102
-185
-97
299
1
-154
92
130
-283
6
179
-69
-167
263
65
-181
15
87
-228
-49
284
-14
-148
132
126
-273
3
133
-95
-141
281
37
-150
32
87
-259
-25
264
-22
-140
159
111
-265
14
114
-105
-121
279
41
-142
16
37
-230
-10
276
-20
-116
110
83
-274
27
136
-57
-113
237
73
-162
-15
16
-153
-46
277
3
-97
46
48
-263
33
187
-36
-114
177
90
-190
-6
45
-108
-75
262
19
-103
27
30
-239
9
208
-24
-95
146
91
-215
4
68
-73
-92
247
41
-109
7
7
-217
2
243
-21
-97
94
87
-238
23
121
-45
-108
213
86
-153
-6
-11
-136
-43
267
23
-81
-10
-10
-214
19
239
-5
-89
88
82
-217
8
85
-26
-90
179
72
-123
-28
3
-134
-40
225
10
-74
48
57
-210
4
127
-21
-96
167
76
-139
-16
23
-141
-41
223
2
-91
70
80
-213
0
110
-43
-106
214
60
-127
-5
46
-200
-17
211
-13
-123
138
96
-194
4
82
-130
-102
260
14
-108
61
93
-258
20
159
-57
-146
238
59
-161
15
78
-213
-40
253
-18
-132
141
110
-247
17
102
-116
-127
283
30
-139
24
71
-256
-1
259
-28
-154
163
119
-240
5
81
-111
-108
278
35
-128
7
44
-235
-4
268
-14
-121
107
85
-269
25
140
-45
-90
194
88
-211
-2
37
-44
-89
208
117
-209
4
38
0
-77
93
89
-223
24
169
107
-95
-68
-19
-137
-105
292
238
-247
-104
90
161
-213
-66
88
154
-280
-39
253
81
-240
-65
510
-440
172
-289
136
95
20
-16
-255
495
-342
153
-291
44
350
-294
117
-213
302
-48
29
-101
-79
417
-440
129
-254
78
249
-265
155
-139
237
-51
130
-201
59
291
-354
165
-323
139
129
-239
90
-93
147
64
77
-158
143
130
-168
118
-289
133
92
-215
29
-64
102
88
34
-109
123
105
-139
51
-222
90
121
-189
-13
14
124
54
35
-147
99
120
-196
-14
-143
106
117
-84
-74
91
162
-84
-24
-198
124
131
-129
-73
15
213
-50
-57
-189
113
192
-162
-87
-15
228
33
-99
-194
57
245
-151
-125
-14
205
62
-75
-225
68
267
-153
-117
-40
196
117
-104
-236
45
270
-131
-131
-47
196
145
-79
-254
57
257
-131
-108
-89
188
159
-86
-211
9
274
-127
-137
-64
175
168
-99
-227
24
280
-131
-129
-64
167
187
-87
-239
23
290
-143
-133
-88
192
187
-80
-245
46
274
-150
-137
-100
186
207
-51
-255
58
272
-157
-120
-167
177
243
-101
-184
31
294
-117
-117
-204
106
291
-167
-136
31
258
10
-98
-254
77
292
-241
-99
-14
228
132
-74
-225
74
285
-258
-97
-161
139
261
-168
-103
82
249
-61
-83
-231
81
267
-252
-93
13
202
129
-82
-195
103
241
-251
-94
-149
162
221
-140
-125
107
246
-92
-89
-255
124
242
-228
-89
22
256
44
-45
-253
130
261
-277
-87
-118
214
183
-97
-172
121
274
-193
-72
-259
143
244
-224
-104
77
249
36
-42
-264
116
257
-318
-49
-137
189
207
-111
-127
105
265
-168
-79
-251
138
243
-215
-105
59
265
27
-32
-266
114
264
-313
-89
-108
184
218
-108
-156
116
269
-184
-84
-235
130
257
-206
-114
77
259
5
-81
-258
116
274
-258
-119
-21
240
125
-75
-250
99
288
-262
-101
-138
232
210
-100
-223
78
310
-217
-124
-205
217
270
-120
-202
67
322
-140
-140
-269
185
301
-156
-167
18
346
-67
-141
-275
120
345
-218
-138
-15
330
45
-140
-277
88
358
-241
-172
-6
273
141
-124
-284
53
352
-246
-150
-59
245
216
-108
-267
50
352
-235
-158
-102
197
270
-124
-240
40
361
-195
-145
-189
178
312
-141
-229
29
370
-155
-156
-198
166
326
-166
-208
12
337
-78
-166
-260
156
365
-175
-207
40
353
-52
-149
-289
116
374
-236
-147
-30
312
74
-124
-334
107
386
-260
-156
-23
299
134
-97
-328
88
373
-285
-148
-124
242
275
-137
-256
80
369
-230
-154
-200
177
316
-164
-171
57
340
-95
-119
-311
135
356
-296
-133
8
314
75
-79
-294
102
363
-330
-141
-102
226
281
-133
-215
115
349
-248
-136
-216
115
345
-266
-97
84
292
43
-90
-315
122
321
-373
-104
-65
232
226
-110
-174
124
316
-241
-106
-275
137
317
-275
-103
102
280
11
-51
-315
148
290
-350
-83
-108
250
233
-106
-202
149
321
-269
-72
-294
172
295
-294
-85
82
267
57
-36
-322
157
302
-385
-78
-166
221
232
-137
-145
177
290
-169
-21
-372
151
283
-358
-61
-15
285
111
-34
-252
179
290
-346
-35
-281
174
271
-232
-99
143
274
2
-7
-341
177
268
-424
-23
-168
196
219
-111
-134
179
285
-162
2
-386
173
237
-391
-37
-18
264
121
8
-252
164
285
-323
-49
-289
201
242
-213
-114
144
291
-46
-49
-303
115
287
-343
-86
-34
275
152
-83
-256
131
333
-319
-108
-180
243
223
-123
-200
72
368
-220
-124
-269
204
329
-210
-165
62
362
-106
-164
-279
151
373
-205
-185
13
352
-2
-183
-317
128
399
-245
-186
2
344
48
-160
-310
112
401
-164
-236
-36
368
4
-145
-369
165
386
-167
-210
-24
374
-7
-117
-406
148
409
-170
-213
-36
395
15
-162
-354
102
427
-214
-169
-24
316
111
-151
-384
73
442
-259
-172
-19
352
120
-101
-401
74
423
-322
-119
-115
311
257
-103
-338
79
449
-362
-130
-216
246
330
-160
-191
75
400
-188
-63
-395
135
406
-403
-84
-6
332
144
-76
-268
111
386
-419
-63
-275
159
364
-285
-71
135
333
-42
-18
-333
135
309
-476
-5
-164
192
251
-138
-79
151
302
-194
-27
-336
117
272
-418
4
0
236
148
-21
-229
141
281
-360
-44
-268
203
249
-229
-55
132
288
-88
-21
-331
122
286
-362
-67
-33
293
139
-78
-229
143
320
-339
-89
-203
194
267
-173
-151
103
336
-139
-105
-298
172
300
-276
-120
53
318
-3
-50
-336
124
365
-372
-94
-102
286
216
-106
-245
133
350
-305
-92
-256
174
315
-219
-132
77
339
-42
-80
-349
142
334
-356
-111
-23
278
161
-50
-306
138
328
-324
-105
-230
257
268
-133
-210
157
342
-204
-37
-379
170
323
-359
-77
-5
291
147
-50
-278
151
335
-393
-38
-266
159
311
-276
-58
120
267
25
13
-341
170
285
-453
-5
-238
199
238
-182
-68
175
275
-103
73
-417
177
257
-463
-3
-157
219
209
-107
-97
201
268
-172
75
-424
155
233
-449
1
-88
181
238
-96
-103
231
206
-155
61
-399
149
228
-468
28
-130
147
235
-128
-60
205
195
-110
110
-377
156
209
-441
82
-199
123
233
-158
-17
185
187
-63
124
-375
184
190
-453
108
-263
137
230
-207
5
157
184
14
82
-324
179
195
-434
81
-268
100
256
-271
30
131
162
59
66
-281
174
194
-413
76
-271
132
230
-236
10
125
196
-8
48
-307
126
217
-422
5
-151
181
219
-117
-83
191
237
-159
20
-362
137
238
-387
-36
0
210
185
-57
-160
197
237
-288
-4
-320
148
255
-312
-20
64
277
35
-34
-265
163
249
-373
-51
-161
225
198
-99
-153
130
326
-205
-74
-298
162
282
-321
-52
42
286
51
-49
-278
106
315
-355
-109
-115
219
251
-152
-142
142
308
-207
-48
-309
137
298
-286
-83
31
298
62
-54
-288
134
300
-345
-90
-145
219
223
-107
-178
120
328
-209
-53
-328
140
308
-343
-60
33
269
94
-13
-275
152
305
-366
-23
-268
170
248
-308
-62
29
10
135
-406
274
-213
132
-116
212
-28
271
-358
-334
178
119
220
7
-160
130
-35
-281
-47
-84
215
277
-83
97
-20
-292
-115
-46
4
354
153
25
109
-379
-244
-45
-181
381
358
91
169
-288
-444
-135
-51
182
439
129
52
-19
-412
-309
-58
-37
444
323
28
90
-290
-381
-135
-47
203
419
151
45
-69
-385
-324
-28
-33
408
286
48
109
-267
-403
-166
-43
219
445
127
74
-75
-410
-329
-22
15
440
274
18
107
-269
-417
-160
-36
228
441
130
55
-31
-380
-343
-9
-20
385
333
42
68
-273
-395
-151
-12
180
420
151
73
-58
-401
-287
-52
16
417
252
51
85
-315
-365
-109
-92
303
361
98
143
-166
-373
-198
-136
151
392
133
135
-7
-334
-272
-116
-15
410
203
96
110
-306
-310
-122
-113
348
275
76
167
-248
-328
-122
-175
271
315
78
204
-147
-357
-152
-188
180
359
75
197
-41
-352
-195
-189
102
378
86
185
34
-330
-244
-176
2
381
136
139
121
-291
-279
-162
-69
368
174
111
181
-271
-297
-162
-128
333
188
110
206
-208
-306
-151
-160
304
218
80
233
-183
-313
-145
-191
280
182
86
263
-160
-293
-160
-175
263
196
68
254
-145
-272
-158
-178
255
134
110
245
-127
-240
-188
-119
240
70
142
202
-127
-179
-228
-18
221
-15
203
145
-153
-156
-242
51
176
-17
234
92
-168
-145
-219
153
124
-25
244
11
-184
-151
-194
192
102
18
255
-20
-219
-154
-149
217
119
25
242
-79
-243
-155
-170
227
142
39
276
-80
-288
-134
-155
246
151
13
282
-103
-306
-140
-175
252
204
8
270
-81
-345
-120
-192
224
258
1
265
-52
-358
-152
-213
181
312
16
250
0
-360
-178
-186
95
352
33
193
97
-380
-254
-166
-4
396
115
121
165
-352
-326
-105
-128
363
216
100
236
-281
-376
-138
-187
325
303
49
238
-183
-372
-148
-206
218
377
81
240
-65
-393
-201
-228
128
407
78
208
50
-360
-237
-201
6
400
123
179
113
-327
-276
-173
-80
403
165
116
191
-288
-344
-144
-150
371
191
90
246
-228
-360
-135
-203
336
269
51
271
-162
-369
-160
-227
277
252
38
297
-103
-367
-161
-237
247
281
12
298
-63
-360
-162
-252
237
247
13
313
-35
-348
-163
-241
181
264
25
290
-21
-355
-166
-248
206
238
31
301
-22
-329
-188
-231
153
300
1
314
13
-369
-178
-227
133
293
24
281
34
-338
-179
-216
113
310
61
222
81
-346
-234
-165
-5
370
112
165
157
-341
-285
-130
-115
388
175
101
220
-288
-328
-132
-180
370
272
44
252
-226
-366
-128
-225
292
334
44
267
-126
-396
-162
-230
191
410
58
227
-2
-397
-245
-202
65
425
101
163
124
-364
-292
-138
-74
423
210
97
215
-312
-389
-124
-175
365
297
73
267
-221
-400
-150
-240
284
349
41
280
-117
-410
-176
-225
190
380
42
250
-12
-393
-214
-223
82
408
66
233
91
-350
-290
-189
-19
383
129
212
140
-320
-277
-212
-54
370
110
168
211
-292
-291
-218
-66
360
84
182
205
-267
-250
-231
-70
328
72
198
197
-244
-269
-214
-49
299
34
206
187
-253
-234
-212
-32
314
63
187
192
-258
-271
-175
-81
314
107
151
236
-266
-309
-171
-96
339
131
116
256
-242
-329
-155
-150
344
174
88
301
-216
-357
-155
-165
352
185
40
294
-180
-365
-136
-239
267
284
37
323
-113
-396
-150
-238
227
323
28
286
-40
-378
-167
-278
173
368
39
280
8
-387
-186
-268
161
355
38
267
51
-341
-192
-293
81
338
46
282
37
-326
-199
-276
108
321
9
271
69
-290
-207
-253
67
318
45
281
82
-312
-198
-272
121
295
17
262
90
-318
-208
-260
111
286
8
305
64
-330
-205
-242
108
294
7
278
85
-307
-210
-268
104
292
20
272
56
-328
-194
-249
96
311
45
225
95
-312
-233
-231
3
371
71
214
151
-331
-268
-188
-54
384
120
132
206
-308
-313
-168
-157
387
227
84
272
-285
-369
-122
-212
345
296
41
272
-157
-420
-165
-251
217
400
79
237
-41
-418
-239
-151
12
444
157
118
133
-346
-341
-114
-156
409
309
55
209
-267
-402
-138
-140
179
432
124
125
9
-411
-329
-59
-71
453
287
44
132
-302
-397
-146
-80
211
417
149
87
-34
-412
-347
-23
-38
436
313
45
124
-306
-406
-128
-76
212
434
151
110
-50
-423
-306
-57
-20
451
290
46
114
-316
-378
-107
-151
282
393
93
160
-114
-411
-225
-133
100
430
179
92
58
-356
-297
-117
-81
409
239
77
203
-283
-373
-138
-155
335
282
44
257
-144
-371
-153
-206
203
299
78
256
-50
-372
-187
-203
133
347
62
206
72
-339
-211
-209
17
350
85
190
121
-302
-281
-174
-55
359
110
129
177
-227
-300
-139
-164
341
197
70
247
-209
-350
-115
-206
282
294
10
253
-117
-359
-155
-199
105
394
125
170
28
-367
-275
-97
-64
411
241
54
176
-292
-366
-125
-161
273
396
103
131
-53
-407
-301
-46
-19
462
250
52
114
-304
-403
-137
-81
218
448
155
73
-81
-412
-339
-3
-29
430
326
39
105
-264
-416
-157
-51
159
466
179
32
-18
-406
-350
-22
-58
393
335
50
118
-240
-417
-166
-67
145
459
150
68
-4
-380
-299
-51
-59
387
296
60
135
-267
-384
-123
-139
243
394
83
149
-98
-377
-209
-134
37
401
168
123
85
-321
-313
-98
-103
383
242
46
200
-234
-359
-122
-179
261
317
60
219
-83
-370
-205
-152
122
374
74
169
61
-349
-252
-117
-34
364
152
114
179
-306
-320
-117
-129
335
253
56
238
-195
-348
-124
-207
233
309
74
231
-76
-351
-170
-210
146
352
61
195
32
-324
-216
-200
39
354
82
202
111
-300
-252
-197
-28
358
97
142
189
-244
-275
-169
-132
299
168
102
257
-195
-342
-116
-195
283
230
39
270
-111
-351
-126
-219
167
323
69
225
4
-373
-230
-151
4
408
116
102
167
-293
-338
-89
-167
340
286
68
211
-180
-379
-160
-137
124
398
126
118
41
-372
-317
-75
-115
225
447
265
108
-230
-317
-257
-202
8
-28
-43
-52
-259
-347
-350
-298
-108
25
131
105
58
-28
-41
-14
25
134
194
241
220
191
157
104
109
150
159
221
215
253
290
324
333
353
331
374
384
408
420
395
384
358
302
271
222
162
103
27
-1
-41
-73
-93
-120
-179
-197
-230
-256
-284
-286
-301
-297
-314
-341
-305
-327
-296
-286
-276
-259
-271
-263
-266
-277
-285
-285
-256
-266
-274
-297
-304
-304
-325
-312
-292
-257
-246
-223
-204
-179
-140
-98
-52
-8
29
69
90
131
166
178
205
234
268
282
298
296
307
319
351
369
414
434
471
461
443
420
390
366
322
271
242
201
152
115
41
11
-51
-69
-97
-123
-132
-139
-140
-134
-141
-106
-110
-84
-100
-117
-138
-165
-169
-187
-213
-218
-256
-259
-288
-277
-268
-229
-217
-169
-108
-85
-61
-31
-24
12
13
32
58
72
107
161
173
232
255
292
299
312
290
272
223
201
164
134
101
67
35
-5
-20
-54
-74
-91
-94
-115
-125
-128
-126
-123
-98
-86
-70
-81
-69
-95
-105
-142
-151
-174
-202
-245
-237
-274
-251
-249
-224
-216
-176
-146
-98
-77
-27
-4
13
26
43
67
81
115
140
177
222
250
289
321
358
362
373
342
341
303
282
234
205
166
132
91
51
9
-18
-61
-98
-129
-165
-166
-192
-185
-201
-187
-186
-180
-182
-167
-163
-159
-160
-166
-184
-203
-218
-239
-259
-286
-300
-318
-328
-331
-319
-306
-280
-250
-208
-171
-127
-81
-56
-5
33
80
111
135
163
178
202
215
263
297
341
379
406
428
434
436
431
413
382
339
289
229
169
121
71
51
15
1
-27
-47
-62
-80
-105
-117
-118
-110
-92
-86
-78
-82
-85
-100
-115
-164
-194
-240
-249
-262
-259
-237
-231
-199
-162
-121
-70
-34
-8
6
-4
7
21
50
88
143
184
224
244
262
260
255
237
206
171
135
101
65
31
-4
-33
-66
-78
-98
-92
-101
-90
-80
-59
-47
-36
-30
-33
-52
-80
-103
-141
-168
-206
-223
-239
-234
-228
-198
-165
-128
-86
-42
-10
8
27
50
68
83
113
140
150
158
174
196
218
246
290
334
360
384
395
395
377
348
314
274
229
179
119
65
8
-30
-65
-85
-108
-125
-147
-160
-174
-190
-201
-207
-208
-206
-194
-180
-160
-148
-145
-155
-178
-212
-251
-287
-322
-346
-362
-364
-356
-343
-319
-297
-259
-220
-171
-122
-79
-33
1
32
66
96
134
169
201
231
254
277
303
343
384
423
457
475
477
463
440
418
386
350
308
256
201
141
80
26
-26
-67
-102
-127
-140
-152
-156
-159
-158
-158
-157
-154
-151
-146
-141
-142
-151
-171
-201
-237
-271
-303
-321
-331
-327
-319
-298
-266
-226
-173
-115
-57
-11
16
36
40
46
57
83
124
173
225
273
305
333
351
360
359
348
324
287
243
190
137
88
47
6
-30
-58
-85
-107
-118
-121
-114
-95
-74
-57
-50
-52
-65
-84
-104
-128
-153
-183
-213
-240
-252
-247
-222
-175
-122
-67
-23
15
37
50
51
49
49
59
85
117
163
211
253
281
283
264
227
180
131
93
58
30
6
-20
-43
-63
-78
-87
-87
-79
-63
-53
-41
-35
-35
-42
-53
-79
-104
-137
-174
-207
-242
-258
-270
-266
-237
-199
-142
-90
-34
8
42
60
67
68
60
63
64
82
107
148
195
242
290
334
356
370
362
346
319
289
260
219
184
142
101
56
14
-34
-71
-106
-142
-168
-194
-207
-215
-212
-206
-194
-180
-169
-169
-173
-181
-190
-200
-206
-216
-228
-246
-271
-295
-314
-334
-344
-347
-352
-354
-351
-336
-316
-283
-239
-189
-136
-88
-42
1
37
77
113
145
173
199
227
245
265
274
283
295
314
339
369
404
434
455
468
472
475
466
446
413
365
312
257
206
163
126
90
47
0
-49
-83
-122
-147
-166
-179
-180
-182
-172
-163
-155
-140
-132
-132
-138
-158
-192
-230
-276
-309
-333
-342
-340
-329
-312
-290
-259
-220
-176
-130
-87
-49
-13
16
38
55
73
93
121
154
190
231
269
303
330
348
349
344
320
292
252
213
171
127
84
40
7
-29
-54
-70
-83
-85
-90
-90
-89
-89
-84
-82
-74
-75
-75
-89
-105
-132
-158
-190
-214
-234
-242
-248
-241
-228
-204
-170
-133
-96
-54
-19
9
31
53
67
73
76
81
96
113
141
174
218
262
308
349
382
399
398
389
368
346
316
282
243
189
135
74
23
-26
-70
-107
-136
-156
-174
-181
-192
-201
-217
-223
-226
-223
-208
-193
-177
-162
-157
-159
-174
-197
-222
-255
-281
-307
-329
-345
-362
-369
-374
-375
-371
-364
-355
-344
-333
-307
-277
-237
-188
-136
-83
-28
29
84
135
180
215
245
263
277
289
305
323
339
347
355
354
357
363
372
391
415
438
456
472
467
456
431
395
357
310
267
215
170
121
74
27
-19
-58
-91
-106
-116
-111
-98
-82
-71
-69
-78
-89
-108
-128
-150
-175
-198
-221
-240
-244
-231
-204
-160
-112
-67
-33
-20
-17
-16
-5
20
47
82
104
113
97
64
23
-21
-62
-95
-116
-126
-128
-120
-103
-77
-49
-15
10
35
44
40
19
-13
-51
-92
-117
-126
-123
-98
-57
-13
37
73
100
109
109
106
105
107
114
128
144
160
179
181
182
163
142
117
91
70
42
20
-14
-44
-84
-116
-144
-158
-167
-169
-173
-178
-186
-196
-196
-195
-179
-160
-143
-132
-135
-142
-157
-171
-184
-196
-208
-221
-237
-246
-256
-250
-255
-257
-257
-269
-289
-306
-322
-334
-330
-328
-315
-302
-294
-276
-255
-239
-221
-204
-186
-163
-148
-125
-104
-80
-55
-32
-4
22
50
75
101
120
137
154
169
188
206
230
249
273
298
322
343
360
379
391
403
411
419
420
415
413
408
404
397
389
380
372
363
359
351
343
336
330
324
318
312
312
315
322
330
336
339
334
317
290
261
227
188
148
99
50
4
-41
-81
-113
-144
-174
-194
-209
-211
-202
-188
-172
-153
-144
-142
-152
-172
-197
-224
-243
-247
-232
-202
-164
-128
-94
-68
-46
-20
-2
4
-14
-66
-130
-185
-202
-144
-198
-204
-131
-163
-23
-73
-51
62
-7
65
68
65
131
-3
59
111
-16
80
-24
71
85
-117
93
31
-37
43
-56
118
5
-113
134
20
-45
0
-79
119
-63
-48
185
10
-21
-31
-15
143
-104
14
171
-43
-61
-93
-38
116
-115
28
122
-87
-107
-123
-26
112
-123
58
152
-94
-114
-90
-30
88
-10
-29
-23
-27
-101
-89
-92
-78
-19
17
21
-86
-198
-152
-174
-176
-111
-116
-51
-18
36
149
186
250
335
317
308
272
223
143
-11
-140
-187
-260
-281
-293
-249
-211
-193
-109
20
160
244
224
214
222
161
53
-49
-118
-175
-254
-256
-191
-120
-69
15
163
239
209
203
216
136
-24
-128
-166
-246
-330
-276
-179
-98
3
160
286
288
260
286
250
109
-38
-127
-207
-299
-309
-233
-159
-88
35
179
246
241
229
225
160
37
-80
-169
-219
-253
-239
-188
-132
-59
32
144
216
221
180
157
144
107
32
-53
-114
-148
-161
-162
-143
-106
-75
-67
-37
30
107
154
141
113
89
114
161
184
156
77
-10
-75
-116
-142
-160
-180
-192
-188
-165
-137
-106
-55
8
83
142
179
180
151
123
113
122
143
147
124
77
26
-23
-57
-76
-96
-127
-172
-207
-223
-220
-204
-175
-138
-82
-1
85
161
200
213
224
240
260
262
228
157
61
-33
-103
-147
-183
-216
-251
-274
-272
-255
-216
-158
-81
15
110
180
213
215
218
239
275
280
222
110
-16
-115
-170
-196
-207
-218
-234
-243
-228
-176
-77
31
112
152
156
165
195
227
229
182
96
5
-64
-106
-134
-150
-163
-176
-179
-150
-78
14
83
108
98
91
111
157
183
156
81
-5
-69
-100
-112
-111
-113
-128
-146
-147
-105
-19
71
122
117
85
71
104
153
169
126
43
-36
-87
-107
-113
-114
-121
-133
-141
-130
-83
-2
78
121
115
90
90
123
163
167
120
39
-38
-88
-111
-120
-128
-132
-144
-153
-145
-98
-17
63
113
116
102
100
127
170
188
164
95
10
-56
-93
-113
-126
-142
-157
-168
-170
-157
-124
-67
2
69
111
130
129
136
167
215
251
239
169
72
-14
-60
-79
-99
-146
-209
-263
-285
-270
-237
-208
-178
-135
-58
45
147
220
255
265
273
299
329
334
289
194
70
-40
-111
-153
-190
-246
-321
-380
-387
-349
-284
-214
-158
-97
-20
78
187
275
318
325
318
322
335
330
270
163
38
-79
-155
-213
-269
-327
-368
-378
-351
-301
-215
-101
30
158
241
277
281
297
318
319
278
173
40
-90
-183
-239
-257
-259
-268
-282
-265
-191
-61
67
154
186
191
201
228
233
194
97
-13
-105
-150
-157
-158
-162
-172
-158
-88
34
154
209
188
139
118
134
144
91
-17
-135
-212
-234
-208
-162
-129
-113
-91
-21
93
208
260
235
182
146
140
127
66
-42
-156
-236
-263
-243
-196
-151
-129
-124
-92
-9
110
212
252
222
170
139
151
174
167
114
19
-67
-120
-133
-132
-143
-164
-185
-191
-183
-168
-148
-116
-63
15
100
161
175
159
154
185
244
288
280
205
96
-13
-83
-110
-133
-174
-237
-299
-331
-319
-283
-232
-188
-132
-48
57
173
256
309
328
334
348
368
378
342
249
115
-19
-119
-170
-206
-245
-304
-364
-394
-368
-291
-203
-143
-106
-68
11
137
264
350
365
330
292
280
289
288
233
121
-16
-133
-204
-238
-271
-322
-377
-407
-374
-305
-226
-157
-86
16
147
265
333
341
324
323
353
384
358
247
78
-75
-171
-215
-244
-285
-337
-376
-372
-334
-280
-211
-101
49
193
279
291
276
290
340
385
363
249
87
-53
-146
-203
-249
-288
-305
-312
-318
-303
-230
-86
81
192
226
216
228
275
318
290
190
67
-39
-125
-183
-214
-218
-221
-217
-157
-17
128
201
181
140
148
168
113
-12
-117
-186
-245
-266
-202
-108
-45
0
81
200
260
229
185
174
142
26
-108
-181
-224
-283
-297
-227
-131
-64
14
142
248
261
236
234
206
95
-34
-119
-185
-266
-307
-261
-179
-114
-32
93
196
219
201
204
203
130
5
-95
-141
-183
-234
-242
-186
-117
-66
-7
79
162
189
167
147
145
123
64
-8
-68
-124
-171
-191
-168
-134
-114
-103
-67
11
99
154
159
125
107
132
174
169
96
0
-81
-116
-122
-130
-150
-171
-173
-148
-109
-81
-58
-40
-11
31
76
115
132
123
98
67
53
60
82
112
139
144
127
99
70
37
0
-39
-77
-109
-131
-141
-140
-130
-114
-98
-80
-55
-26
2
25
46
59
63
59
50
42
31
17
-3
-21
-38
-49
-51
-45
-37
-30
-22
-11
2
15
26
36
44
51
50
46
40
31
25
18
12
8
1
-5
-12
-15
-14
-13
-13
-11
-10
-5
-3
-5
-7
-9
-7
-5
-3
0
2
4
5
7
5
4
3
2
1
0
-1
-3
-3
-2
-4
-4
-3
-3
-1
0
3
7
7
6
5
3
2
0
0
-1
-4
-4
-5
-6
-7
-7
-6
-3
-3
0
1
1
2
3
3
2
2
2
1
0
0
-3
-3
-5
-4
-4
-1
-1
0
2
2
2
2
3
3
2
0
-1
-3
-3
-3
-2
-2
-1
0
1
0
0
1
0
0