0
0
0
0
1
1
1
0
0
0
0
0
0
1
4
10
18
17
13
-18
-14
-8
-6
27
1
-7
-19
34
27
-8
-50
0
48
12
-17
-66
20
44
26
-80
2
26
50
-1
-3
-42
-87
53
55
76
4
-1
28
-249
-24
20
-28
106
68
26
-146
1
16
31
144
13
53
-197
-57
12
-206
-9
24
-9
135
49
81
-115
-24
-4
-131
64
88
67
22
0
19
-253
-10
40
29
163
27
44
-208
-28
20
18
123
13
-33
-98
56
46
43
-147
2
31
56
16
-15
-23
-102
69
45
48
-152
-15
22
46
11
-7
-52
41
64
-20
-69
29
136
-6
4
-162
32
53
51
-133
8
50
63
-128
-20
-20
-281
-4
6
101
-280
81
160
148
-232
-136
325
-364
8
39
203
-135
-107
227
-367
75
132
-21
7
-32
94
-214
33
261
-179
-60
196
-297
39
57
201
-191
-110
309
-464
69
148
29
-18
-64
292
-403
29
234
-111
-14
159
-333
66
155
-18
-19
-30
193
-302
42
319
-176
0
111
52
-225
9
364
-192
-64
129
-123
-67
67
265
-240
-37
207
-152
-133
7
349
-249
-53
139
155
-313
37
301
70
-129
-142
323
-402
-39
40
311
-278
-117
166
141
-314
1
275
171
-299
-192
215
108
-323
-16
258
289
-331
-172
94
454
-395
-164
84
277
-156
-165
266
-419
5
-263
242
210
187
98
227
-203
-197
13
147
202
-82
-131
-148
-182
102
198
101
79
145
-204
-114
-18
-81
98
164
153
-151
-135
-97
-118
189
146
195
-284
-206
16
183
206
-12
-152
-164
-218
145
207
113
-1
68
-216
-133
-16
-3
71
174
136
-198
-171
-33
0
141
182
104
-254
-202
11
172
120
164
108
-234
-194
32
257
154
-12
-200
-174
-222
95
228
100
118
40
8
104
-63
-26
-116
-100
-10
-92
6
170
50
120
21
52
95
-52
-8
-94
-70
-76
-67
-49
-89
33
-87
7
80
35
140
126
-128
-132
-81
-159
38
169
56
-60
-66
-150
-67
34
-11
-149
-95
-143
-186
-167
-172
-183
-194
-199
-238
-277
-290
-269
-225
-171
-103
-86
-55
-21
14
38
54
68
73
87
107
116
122
139
150
173
177
186
190
192
208
204
194
169
166
206
242
250
255
256
261
264
246
213
153
89
22
-9
-22
-37
-49
-65
-83
-95
-115
-127
-140
-160
-180
-191
-167
-173
-237
-295
-187
-58
-11
65
104
64
90
221
291
258
179
118
61
27
2
-15
-46
-108
-165
-180
-161
-180
-225
-272
-276
-185
-69
-14
37
111
37
136
277
177
27
4
2
-108
-81
-217
-134
-21
2
60
96
93
78
102
259
278
107
-2
-77
-137
88
172
-291
-79
237
129
-168
34
-13
-143
124
192
-151
-117
-47
188
168
-87
-245
58
294
10
-74
-103
13
162
242
-277
-72
-264
105
265
218
-206
-119
-138
217
301
-218
-172
-59
197
312
-166
-207
-30
299
275
-164
-133
-102
115
321
-241
-51
-202
82
221
283
-346
-7
-134
-18
201
287
-319
-124
-279
128
401
-167
-213
-24
352
257
-160
-84
-275
135
302
148
-229
-67
-203
172
365
-305
-80
-306
157
291
311
-453
73
-97
-88
149
195
233
-453
82
30
-271
126
237
185
-312
-51
-298
106
308
62
-107
-60
-268
-213
220
-83
109
-444
-58
203
286
74
-269
-343
-12
417
98
-7
-310
-175
359
185
-291
-162
304
86
-145
-188
221
234
-184
-149
142
282
-345
-213
352
121
-281
-148
128
123
191
-360
-227
281
313
-355
-231
293
222
-341
-132
292
58
124
-389
-240
380
233
-320
-218
328
206
-258
-171
344
40
-113
-167
161
46
69
-198
111
7
56
-233
-54
227
272
-418
-114
179
287
87
-306
-306
-151
430
77
-144
-187
17
110
247
-359
-97
273
250
73
-264
-350
-67
387
83
85
-359
-152
364
56
-76
-216
-28
168
270
-373
-89
124
447
-52
-28
104
353
271
-179
-305
-285
-292
29
298
443
41
-141
-213
-108
107
223
-74
-70
-237
-27
222
282
-98
-182
-259
-208
163
434
71
-118
-194
-70
184
101
-90
-141
-86
150
395
8
-201
-178
-319
66
384
308
-140
-141
-327
36
333
88
-95
-183
15
211
30
-53
-207
8
148
289
-106
-169
-271
-316
113
314
446
0
-163
-309
-130
154
292
-70
-75
-248
31
218
316
-136
-208
-281
-355
29
323
438
215
-111
-175
-33
97
-103
-51
100
179
-14
-186
-157
-255
-315
-148
101
298
415
351
330
99
-211
-224
-20
-204
65
-117
20
-31
116
58
-27
-152
250
-260
224
-191
-24
286
-309
160
32
-114
107
-10
-106
122
-127
85
61
-216
275
-234
195
-163
111
-113
71
-114
90
-120
116
-93
2
169
-270
265
-153
-97
330
-378
297
-259
201
-162
134
-113
127
-124
174
-185
175
-83
-188
368
-304
137
121
-305
323
-285
279
-146
81
-39
201
-266
174
-64
-119
219
-242
145
-114
174
-173
132
127
-140
59
-49
36
8
-5
4
-3
7
-4
1
-3
2
-2